joint1:
  origin:
    x: -0.0219300000000005
    y: 0.0180000000000009
    z: -0.06800000000001739
    roll: 0
    pitch: -0
    yaw: 0
joint2:
  origin:
    x: -0.0219300000000005
    y: -0.0180000000000012
    z: -0.0680000000000215
    roll: 0
    pitch: -0
    yaw: 0
