left_finger:
  kinematic:
    x: 0.0
    y: -0.05
    z: -0.673001
    roll: 0.0
    pitch: 0.0
    yaw: 0.0

right_finger:
  kinematic:
    x: 0.0
    y: 0.05
    z: -0.673001
    roll: 0.0
    pitch: 0.0
    yaw: 0.0
